4294967278,35
4294967278,34
4294967278,33
4294967278,32
4294967278,31
4294967278,30
4294967278,29
4294967278,28
4294967278,27
4294967278,26
4294967278,25
4294967278,24
4294967278,62
4294967278,252
4294967278,60
4294967278,432
4294967278,59
4294967278,58
4294967278,57
4294967278,251
4294967278,56
4294967278,55
4294967278,54
4294967278,53
4294967278,52
4294967278,322
4294967278,51
4294967278,50
4294967278,49
4294967278,48
4294967278,47
4294967278,249
4294967278,46
4294967278,340
4294967278,45
4294967278,343
4294967278,44
4294967278,43
4294967278,339
4294967278,42
4294967278,41
4294967278,40
4294967278,39
4294967278,38
4294967278,174
4294967278,37
4294967278,36
4294967279,260
4294967279,87
4294967279,86
4294967279,84
4294967279,82
4294967279,80
4294967279,78
4294967279,77
4294967279,74
4294967279,72
4294967279,66
4294967279,65
4294967279,63
4294967279,62
4294967279,56
4294967279,53
4294967279,52
4294967279,51
4294967279,50
4294967279,49
4294967279,47
4294967279,44
4294967279,42
4294967279,41
4294967279,39
4294967279,36
4294967279,35
4294967279,33
4294967279,29
4294967279,27
4294967279,24
4294967279,20
4294967279,19
4294967279,13
4294967279,12
4294967279,11
4294967279,73
4294967279,324
4294967279,185
4294967294,1416
4294967278,61
4294967278,393
4294967279,70
4294967279,286
4294967278,182
4294967278,181
4294967279,181
4294967294,396
4294967294,395
4294967294,409
4294967294,413
4294967294,948
4294967294,178
4294967294,420
4294967294,179
4294967294,913
4294967294,415
4294967294,384
4294967294,168
4294967294,455
4294967294,463
4294967294,164
4294967294,109
4294967278,180
4294967279,67
4294967279,180
4294967279,267
4294967278,179
4294967278,388
4294967279,179
4294967279,178
4294967278,177
4294967278,173
4294967279,177
625,6
4294967278,176
625,5
4294967279,176
625,4
4294967278,175
625,3
625,2
625,1
4294967279,175
4294967279,60
4294967279,351
4294967278,347
4294967278,260
4294967279,59
4294967279,171
4294967279,571
4294967279,170
4294967279,57
4294967279,169
4294967279,285
4294967279,168
4294967279,166
4294967279,165
4294967279,164
4294967279,48
4294967279,162
4294967279,161
4294967279,529
4294967279,160
4294967279,46
4294967279,323
4294967279,157
4294967279,296
4294967279,155
4294967279,154
4294967279,153
4294967279,151
622,5
4294967279,150
622,4
622,3
622,2
622,1
4294967279,149
4294967279,34
4294967279,147
4294967279,146
4294967279,281
4294967294,973
4294967279,145
4294967294,967
4294967279,142
4294967279,32
4294967279,555
4294967279,326
620,6
4294967294,498
4294967279,30
4294967279,141
4294967279,140
620,5
4294967279,25
4294967279,138
620,4
4294967279,272
620,3
620,2
620,1
4294967279,338
4294967279,136
4294967279,133
4294967279,23
4294967279,348
4294967279,290
619,5
4294967279,271
4294967279,270
619,4
619,3
619,2
619,1
4294967279,283
4294967279,279
4294967279,521
4294967294,964
4294967294,915
4294967294,910
4294967294,170
4294967294,392
4294967279,16
4294967279,552
4294967279,14
4294967279,214
4294967279,263
4294967279,262
618,5
4294967279,261
618,4
618,3
618,2
618,1
4294967279,275
4294967279,257
4294967279,256
4294967279,284
4294967279,255
617,5
4294967279,253
4294967278,258
617,4
617,3
617,2
617,1
4294967278,257
4294967278,329
4294967294,497
4294967294,388
4294967278,327
4294967278,303
4294967279,332
4294967278,326
4294967278,323
4294967278,325
4294967278,387
4294967278,254
4294967294,424
4294967294,468
4294967294,1
4294967294,76
4294967294,903
4294967294,904
4294967294,186
4294967278,440
4294967278,239
4294967279,331
4294967294,89
4294967278,250
615,4
615,3
615,2
615,1
4294967278,248
0,7
4294967278,338
4294967294,0
4294967294,38
4294967278,272
4294967294,36
4294967278,416
4294967294,393
4294967294,46
4294967294,390
4294967294,389
4294967294,115
4294967294,114
4294967294,120
4294967294,2
4294967278,320
4294967278,399
4294967279,365
4294967279,539
4294967278,436
4294967278,359
4294967294,107
4294967294,50
4294967294,91
4294967294,90
4294967294,87
4294967294,86
4294967294,85
4294967294,84
4294967294,419
4294967294,950
4294967294,949
4294967294,29
4294967294,921
4294967294,28
4294967294,920
4294967294,27
4294967294,946
4294967294,53
4294967294,52
4294967294,1417
4294967294,45
4294967294,427
4294967294,44
4294967294,43
4294967294,39
4294967294,41
4294967294,40
4294967294,37
4294967294,436
4294967294,51
4294967294,96
4294967294,94
4294967294,9
4294967294,8
4294967278,302
4294967294,22
4294967294,93
4294967294,95
4294967294,81
4294967294,1414
4294967294,83
4294967294,68
4294967294,11
4294967294,92
4294967294,88
